-1.6 -0.1
-2.5 -3.2
-3.4 -6.3
-4.3 -9.2
-5.3 -12.5
-6.3 -15.6
-7.2 -18.7
-8.1 -21.9
-8.9 -24.9
-9.8 -28.1
-10.7 -31.5
-11.7 -34.7
-12.5 -37.8
-13.5 -41.0
-14.5 -44.2
-15.5 -47.2
-16.5 -50.6
-17.5 -53.6
-18.5 -56.6
-19.5 -59.7
-20.6 -62.9
-21.6 -66.1
-22.8 -69.4
-23.8 -72.5
-24.8 -75.4
-25.8 -78.5
-26.9 -81.5
-26.9 -81.5
-23.1 -71.8
-22.6 -68.6
-22.04 -65.65
-21.3 -61.8
-20.6 -58.5
-20.0 -55.3
-19.4 -52.0
-18.8 -48.7
-18.1 -45.2
-17.5 -41.9
-16.9 -38.4
-16.3 -35.2
-15.7 -32.0
-15.1 -28.7
-14.5 -25.4
-13.9 -22.1
-13.2 -19.0
-12.6 -15.7
-11.8 -12.1
-11.1 -9.0
-10.5 -5.9
-9.8 -2.6
-9.1 0.9
-8.5 4.1
-7.9 7.2
-7.2 10.4
-6.6 13.6
-6.0 16.6
-5.41 19.54
-4.6 23.7
-4.0 26.8
-3.4 30.0
-2.8 33.2
-2.2 36.5
-1.6 39.9
-1.0 43.1
-0.5 46.4
0.0 49.6
0.5 52.8
1.1 56.2
1.7 59.4
2.3 62.9
2.8 66.2
3.4 69.4
4.0 72.9
4.5 75.9
5.0 79.1
5.5 82.5
5.5 82.5
3.0 76.5
3.8 73.2
4.5 70.1
5.2 66.9
5.8 63.7
6.5 60.4
7.2 57.1
7.9 54.0
8.6 50.9
9.4 47.7
10.2 44.4
11.1 41.2
11.9 37.9
12.7 34.6
13.6 31.4
14.4 28.2
15.3 24.9
16.1 21.8
16.9 18.7
17.8 15.4
18.57 12.5
19.6 9.0
20.3 6.0
21.2 3.0
22.0 -0.1
22.9 -3.2
23.8 -6.6
24.7 -9.9
25.6 -13.1
26.5 -16.2
27.3 -19.1
28.2 -22.2
29.1 -25.3
30.0 -28.4
31.0 -31.4
31.9 -34.5
32.9 -37.5
33.9 -40.8
34.8 -43.7
35.8 -46.9
36.7 -49.9
37.7 -53.1
38.8 -56.4
39.8 -59.5
40.7 -62.5
41.7 -65.6
42.7 -68.7
43.7 -71.7
44.58 -74.57
45.7 -78.0
46.6 -80.9
46.6 -80.9
49.7 -71.3
52.5 -69.7
55.8 -68.0
58.4 -66.5
61.5 -64.9
64.5 -63.3
67.4 -61.7
70.3 -60.1
73.3 -58.5
76.1 -56.9
79.0 -55.3
81.8 -53.7
81.8 -53.7
75.4 -57.9
74.8 -61.1
74.1 -64.4
73.4 -67.5
72.6 -70.8
71.9 -74.1
71.2 -77.3
70.5 -80.6
70.5 -80.6
74.4 -71.4
74.9 -68.1
75.3 -64.8
75.8 -61.5
76.3 -58.4
76.7 -55.0
77.2 -51.8
77.63 -48.83
78.1 -45.6
78.6 -42.3
79.0 -38.8
79.5 -35.4
80.1 -31.9
80.1 -31.9
76.4 -38.8
76.0 -41.8
75.6 -44.9
75.1 -48.1
74.6 -51.3
74.1 -54.5
73.6 -57.7
73.1 -61.0
72.6 -64.2
72.1 -67.5
71.6 -70.7
71.1 -74.0
70.6 -77.2
70.1 -80.5
70.1 -80.5
72.8 -70.7
71.6 -67.6
70.4 -64.6
69.2 -61.5
67.9 -58.5
66.6 -55.3
65.4 -52.2
64.2 -49.2
63.0 -46.2
61.7 -42.8
60.6 -39.9
59.3 -36.7
58.2 -33.8
56.8 -30.4
55.7 -27.6
54.5 -24.5
53.2 -21.5
52.0 -18.5
50.7 -15.3
49.5 -12.2
48.2 -9.0
47.1 -6.1
45.9 -3.0
44.6 0.2
43.5 3.1
42.2 6.4
41.0 9.6
39.7 12.7
38.6 15.8
37.2 19.2
35.9 22.4
34.7 25.5
33.5 28.4
32.2 31.6
31.0 34.6
29.7 37.8
28.4 40.8
27.2 43.9
25.9 47.0
24.7 50.0
23.4 53.0
22.2 56.0
21.0 59.0
19.6 62.4
18.2 65.5
16.9 68.4
15.7 71.5
14.3 74.7
13.0 77.9
11.6 81.1
11.6 81.1
11.3 74.0
12.5 71.1
13.8 68.0
14.9 65.2
16.2 62.0
17.4 58.9
18.6 56.0
19.8 52.8
21.1 49.7
22.1 46.9
23.3 43.8
24.5 41.0
25.6 38.0
26.8 34.8
28.1 31.7
29.2 28.6
30.4 25.6
31.5 22.7
32.8 19.5
34.0 16.5
35.2 13.5
36.4 10.6
37.6 7.4
38.8 4.6
40.0 1.6
41.2 -1.2
42.4 -4.1
43.7 -7.4
45.0 -10.4
46.2 -13.2
47.4 -16.1
48.7 -19.1
49.9 -22.1
51.1 -25.1
52.4 -28.0
53.6 -30.9
54.9 -33.9
56.1 -36.9
57.4 -39.9
58.6 -42.8
59.8 -45.8
61.0 -48.6
62.3 -51.7
63.6 -54.8
64.8 -57.7
66.1 -60.7
67.3 -63.8
68.6 -66.8
69.8 -69.7
71.1 -72.9
72.3 -75.8
73.6 -78.9
74.9 -81.9
74.9 -81.9
69.5 -74.3
66.1 -74.1
62.7 -73.9
59.2 -73.7
55.8 -73.6
52.7 -73.4
49.3 -73.2
46.0 -73.0
42.6 -72.8
39.3 -72.6
36.1 -72.4
32.7 -72.3
29.3 -72.0
26.2 -71.9
22.7 -71.7
19.2 -71.5
15.9 -71.3
12.7 -71.1
9.3 -70.8
6.0 -70.5
2.9 -70.4
-0.4 -70.2
-3.7 -69.9
-7.0 -69.6
-10.3 -69.3
-13.7 -69.0
-16.9 -68.7
-20.0 -68.4
-23.3 -68.1
-26.3 -67.9
-29.7 -67.5
-33.0 -67.2
-36.0 -66.9
-39.5 -66.5
-42.8 -66.2
-46.1 -65.9
-49.4 -65.6
-52.5 -65.3
-56.1 -64.9
-59.2 -64.6
-62.3 -64.2
-65.7 -63.8
-68.9 -63.5
-72.1 -63.0
-75.4 -62.6
-78.6 -62.2
-81.9 -61.8
-81.9 -61.8
-75.2 -58.9
-73.8 -56.1
-72.3 -53.0
-71.0 -50.2
-69.4 -46.9
-68.1 -44.2
-66.6 -41.1
-65.1 -38.1
-63.7 -35.3
-62.2 -32.2
-60.8 -29.3
-59.2 -26.1
-57.9 -23.4
-56.4 -20.4
-55.0 -17.5
-53.5 -14.5
-51.9 -11.4
-50.4 -8.2
-48.9 -5.2
-47.5 -2.4
-46.1 0.5
-44.6 3.6
-43.2 6.5
-41.7 9.6
-40.2 12.6
-38.9 15.5
-37.5 18.4
-36.2 21.2
-34.8 24.3
-33.5 27.2
-32.0 30.5
-30.5 33.6
-29.3 36.4
-27.9 39.6
-26.6 42.6
-25.1 45.8
-23.8 48.8
-22.4 52.0
-21.2 54.8
-19.9 57.9
-18.5 61.0
-17.2 64.1
-15.9 67.1
-14.6 69.8
-13.1 73.0
-11.8 76.0
-10.4 79.0
-9.1 82.0
-9.1 82.0
-12.9 77.2
-15.0 75.0
-17.3 72.8
-19.6 70.6
-21.6 68.37
-24.3 66.3
-26.6 64.2
-29.1 61.9
-31.3 59.8
-33.7 57.7
-36.1 55.6
-38.5 53.4
-40.8 51.4
-43.2 49.3
-45.6 47.1
-48.2 44.9
-50.4 42.9
-52.8 40.9
-55.1 38.8
-57.6 36.7
-60.2 34.5
-62.6 32.4
-65.0 30.3
-67.4 28.1
-69.7 26.1
-72.1 24.0
-74.6 21.9
-76.9 19.9
-79.5 17.7
-82.0 15.5
-82.0 15.5
-74.4 20.1
-71.2 19.4
-68.1 18.8
-64.7 18.2
-61.5 17.6
-58.3 17.1
-55.2 16.5
-51.9 15.9
-48.6 15.4
-45.7 14.9
-42.5 14.4
-39.3 13.9
-36.1 13.4
-32.7 12.7
-29.5 12.2
-26.3 11.8
-23.1 11.4
-20.2 11.1
-16.7 10.7
-13.6 10.3
-10.1 9.9
-6.9 9.6
-3.5 9.2
-0.4 8.8
2.7 8.5
6.0 8.2
9.4 7.9
12.8 7.7
16.0 7.4
19.3 7.1
22.5 6.9
26.0 6.7
29.1 6.5
32.2 6.2
35.7 6.0
39.0 5.8
42.3 5.6
45.4 5.4
48.7 5.2
52.0 5.0
55.3 4.8
58.4 4.6
61.9 4.5
65.0 4.4
68.2 4.2
71.4 4.1
74.8 3.9
78.0 3.8
81.2 3.7
81.2 3.7
73.4 6.8
71.2 4.7
69.0 2.4
66.5 0.0
64.3 -2.1
62.2 -4.3
59.7 -6.8
57.7 -9.03
55.1 -11.3
52.7 -13.6
50.4 -15.8
48.1 -18.0
45.7 -20.3
43.5 -22.5
40.9 -25.0
38.6 -27.3
36.3 -29.4
33.9 -31.7
31.4 -34.1
29.2 -36.2
26.8 -38.6
24.5 -40.7
22.1 -43.0
19.9 -45.1
17.7 -47.3
15.4 -49.5
13.0 -51.7
10.7 -53.9
8.4 -56.1
6.0 -58.5
3.8 -60.7
1.5 -62.9
-0.9 -65.2
-3.3 -67.5
-5.7 -69.7
-8.1 -72.0
-10.3 -74.0
-12.9 -76.3
-15.3 -78.4
-17.8 -80.6
-17.8 -80.6
-13.0 -71.9
-13.37 -68.92
-13.7 -65.6
-14.1 -62.4
-14.5 -58.7
-14.9 -55.5
-15.2 -52.3
-15.6 -48.8
-16.0 -45.5
-16.4 -42.5
-16.8 -38.9
-17.2 -35.8
-17.6 -32.4
-18.0 -29.2
-18.4 -25.8
-18.8 -22.6
-19.2 -19.6
-19.6 -16.2
-20.1 -13.0
-20.5 -9.7
-21.0 -6.3
-21.5 -2.9
-21.9 0.3
-22.4 3.7
-22.9 6.9
-23.3 9.8
-23.8 13.0
-24.2 16.2
-24.8 19.8
-25.3 22.9
-25.7 26.3
-26.2 29.3
-26.7 32.8
-27.2 36.1
-27.8 39.4
-28.2 42.5
-28.8 45.7
-29.3 49.3
-29.8 52.5
-30.3 55.5
-30.9 59.2
-31.4 62.3
-31.9 65.6
-32.5 68.9
-33.0 72.0
-33.5 75.1
-34.0 78.7
-34.5 82.2
-34.5 82.2
-37.7 76.2
-39.1 73.2
-40.5 70.4
-41.8 67.5
-43.2 64.6
-44.7 61.7
-45.84 58.93
-47.6 55.9
-48.8 53.3
-50.3 50.3
-51.7 47.3
-53.2 44.3
-54.6 41.5
-56.0 38.5
-57.5 35.5
-58.9 32.7
-60.3 29.8
-61.5 27.2
-63.1 24.0
-64.3 21.4
-65.7 18.2
-67.1 15.3
-68.4 12.4
-69.7 9.8
-71.1 6.7
-72.4 4.0
-73.7 1.3
-75.1 -1.5
-76.6 -4.4
-77.9 -7.2
-79.4 -10.1
-80.8 -13.0
-80.8 -13.0
-77.6 -3.2
-78.3 0.0
-79.0 3.2
-79.6 6.2
-80.3 9.4
-80.3 9.4
-81.1 2.0
-79.9 -1.0
-79.0 -3.7
-77.8 -7.1
-76.7 -9.9
-75.7 -12.7
-74.5 -15.9
-73.5 -18.8
-72.5 -21.8
-71.5 -24.8
-70.5 -27.7
-69.4 -31.0
-68.4 -33.9
-67.4 -36.8
-66.4 -39.9
-65.4 -43.0
-64.6 -45.9
-63.6 -49.0
-62.7 -52.1
-61.84 -54.97
-61.0 -58.2
-60.2 -61.1
-59.4 -63.8
-58.5 -67.2
-57.7 -70.1
-56.9 -73.2
-56.1 -76.2
-55.3 -79.2
-54.5 -82.2
-54.5 -82.2
-57.0 -73.0
-60.1 -71.6
-63.2 -70.2
-66.2 -68.8
-69.1 -67.4
-72.2 -66.0
-75.1 -64.7
-77.8 -63.4
-80.9 -62.0
-80.9 -62.0
-76.9 -66.5
-75.9 -69.6
-74.9 -72.4
-74.0 -75.4
-73.0 -78.5
-72.0 -81.6
-72.0 -81.6
-71.9 -71.3
-70.9 -68.2
-70.1 -65.2
-69.1 -61.9
-68.3 -59.2
-67.3 -55.8
-66.3 -52.4
-65.4 -49.6
-64.5 -46.4
-63.5 -43.1
-62.6 -40.1
-61.7 -37.2
-60.7 -34.0
-59.7 -30.9
-58.7 -27.8
-57.8 -24.7
-56.8 -21.7
-55.7 -18.3
-54.7 -15.2
-53.7 -11.9
-52.8 -8.7
-51.8 -5.8
-50.9 -2.7
-50.0 0.1
-49.0 3.4
-47.9 6.6
-47.0 9.7
-46.0 12.7
-45.0 16.1
-44.0 19.4
-43.1 22.4
-42.1 25.6
-41.1 28.9
-40.2 32.2
-39.4 34.9
-38.4 38.2
-37.5 41.3
-36.6 44.5
-35.8 47.4
-34.9 50.5
-34.0 53.6
-33.1 57.0
-32.3 59.8
-31.4 63.2
-30.6 66.1
-29.7 69.3
-28.8 72.4
-28.0 75.6
-27.1 78.8
-26.2 81.9
-26.2 81.9
-33.2 78.7
-36.0 77.3
-38.9 75.9
-41.8 74.5
-44.7 73.1
-47.8 71.7
-50.7 70.3
-53.6 69.0
-56.3 67.8
-59.3 66.4
-62.1 65.1
-65.0 63.8
-68.0 62.5
-70.9 61.2
-73.9 59.9
-76.9 58.6
-79.7 57.5
-83.0 56.1
-83.0 56.1
-75.8 62.3
-72.4 62.3
-69.1 62.4
-66.1 62.4
-62.7 62.4
-59.8 62.5