0.0 0.0
2.0 0.6
5.1 -0.6
8.2 -1.8
11.2 -2.9
14.4 -4.2
17.4 -5.2
20.3 -6.3
23.7 -7.6
26.7 -8.7
29.9 -9.9
33.2 -11.1
36.4 -12.3
39.6 -13.4
42.7 -14.6
45.9 -15.7
49.1 -16.8
52.2 -17.9
55.3 -19.0
58.5 -20.2
61.3 -21.2
64.6 -22.4
67.7 -23.4
70.8 -24.5
74.0 -25.6
77.0 -26.7
80.2 -27.9
72.6 -23.0
69.2 -23.9
66.0 -24.8
63.1 -25.5
59.8 -26.3
56.6 -27.1
53.2 -27.9
49.9 -28.7
46.6 -29.5
43.3 -30.3
40.0 -31.0
36.6 -31.9
33.3 -32.7
30.3 -33.4
27.1 -34.2
23.6 -35.0
20.4 -35.8
17.2 -36.5
14.1 -37.3
10.7 -38.1
7.6 -38.7
4.5 -39.5
1.2 -40.3
-2.0 -41.2
-5.0 -41.9
-8.5 -42.6
-11.7 -43.4
-14.9 -44.1
-18.2 -44.7
-21.3 -45.4
-24.7 -46.1
-28.0 -46.8
-31.2 -47.5
-34.6 -48.1
-37.8 -48.8
-41.1 -49.5
-44.3 -50.1
-47.6 -50.7
-50.7 -51.3
-53.9 -51.9
-57.2 -52.5
-60.4 -53.1
-63.5 -53.6
-66.8 -54.1
-70.3 -54.7
-73.4 -55.1
-76.7 -55.6
-80.0 -56.1
-83.3 -56.5
-75.5 -53.7
-72.4 -53.7
-68.9 -53.9
-65.5 -54.0
-62.3 -54.1
-58.9 -54.3
-55.91 -54.59
-52.3 -54.6
-48.8 -54.8
-45.4 -54.9
-42.3 -55.0
-38.9 -55.2
-35.5 -55.3
-32.3 -55.5
-28.9 -55.6
-25.6 -55.7
-22.3 -55.8
-18.9 -56.0
-15.6 -56.1
-12.3 -56.1
-9.0 -56.2
-5.7 -56.3
-2.2 -56.4
1.1 -56.6
4.4 -56.8
7.8 -56.8
11.2 -56.9
14.6 -56.9
17.9 -57.0
21.3 -57.0
24.7 -57.0
28.2 -57.0
31.4 -57.0
34.8 -57.0
38.2 -56.9
41.6 -56.9
45.0 -56.9
48.3 -56.8
52.0 -56.8
55.1 -56.7
58.3 -56.7
61.6 -56.7
64.9 -56.6
68.1 -56.6
71.7 -56.5
75.0 -56.5
78.5 -56.4
81.6 -56.4
74.1 -55.6
73.1 -58.8
72.2 -62.0
71.2 -65.2
70.3 -68.3
69.3 -71.5
68.4 -74.5
67.4 -77.8
66.4 -81.0
68.5 -71.0
67.2 -68.0
65.9 -64.9
64.6 -61.8
63.4 -58.6
62.0 -55.4
60.7 -52.1
59.3 -48.8
58.0 -45.8
56.7 -42.6
55.4 -39.4
54.2 -36.4
52.8 -33.1
51.6 -30.0
50.3 -26.9
49.0 -23.8
47.6 -20.5
46.4 -17.4
45.1 -14.2
43.7 -10.9
42.4 -7.9
41.2 -4.8
39.9 -1.5
38.7 1.4
37.5 4.5
36.2 7.5
34.9 10.5
33.6 13.7
32.3 17.0
31.0 20.3
29.7 23.4
28.5 26.4
27.3 29.3
25.9 32.6
24.6 35.6
23.3 38.7
22.0 42.0
20.6 45.3
19.4 48.3
18.0 51.5
16.8 54.4
15.4 57.7
14.0 60.9
12.6 64.2
11.3 67.2
9.9 70.2
8.6 73.2
7.0 76.6
5.6 79.8
4.3 82.8
4.9 77.5
3.2 74.7
1.4 71.8
-0.2 69.0
-2.0 66.2
-3.8 63.3
-5.6 60.6
-7.2 57.9
-9.0 54.9
-10.7 52.4
-12.7 49.6
-14.4 47.1
-16.2 44.5
-18.0 41.9
-20.0 39.1
-21.8 36.6
-23.6 34.0
-25.6 31.1
-27.5 28.6
-29.4 25.9
-31.3 23.2
-33.2 20.5
-35.0 17.9
-36.9 15.3
-38.8 12.6
-40.7 9.8
-42.5 7.2
-44.4 4.5
-46.3 1.8
-48.2 -0.9
-50.0 -3.5
-51.9 -6.3
-53.9 -9.0
-55.9 -11.8
-57.7 -14.5
-59.5 -17.1
-61.5 -19.8
-63.5 -22.7
-65.4 -25.4
-67.1 -27.9
-69.2 -30.8
-71.2 -33.4
-73.1 -36.2
-75.1 -38.9
-77.1 -41.5
-78.9 -44.0
-81.1 -46.9
-79.0 -36.4
-80.9 -33.8
-83.0 -31.1
-85.1 -28.3
-83.6 -30.8
-78.1 -32.4
-75.3 -30.4
-72.5 -28.3
-69.9 -26.5
-67.1 -24.5
-64.3 -22.5
-61.6 -20.6
-59.0 -18.7
-56.2 -16.7
-53.3 -14.6
-50.6 -12.6
-48.0 -10.8
-45.3 -8.9
-42.4 -6.8
-39.6 -4.8
-37.0 -2.8
-34.4 -0.9
-31.7 1.0
-29.1 3.0
-26.3 5.1
-23.5 7.3
-20.8 9.4
-18.2 11.4
-15.5 13.4
-12.8 15.5
-9.9 17.6
-7.1 19.7
-4.64 21.41
-1.8 23.8
0.6 25.7
3.2 27.7
5.8 29.7
8.4 31.8
11.1 34.0
13.7 36.0
16.3 38.1
19.0 40.3
21.6 42.5
24.3 44.6
26.8 46.7
29.6 49.0
32.2 51.1
34.59 52.92
37.2 55.4
39.7 57.6
42.3 59.8
45.1 62.2
47.45 64.06
50.1 66.6
52.6 68.7
55.1 70.9
57.7 73.2
60.2 75.3
62.7 77.6
65.2 79.8
67.7 82.0
62.9 78.2
63.9 75.4
65.1 72.0
66.2 69.1
67.3 66.0
68.4 63.0
69.5 59.8
70.6 56.8
71.6 53.6
72.7 50.5
73.8 47.3
74.8 44.3
75.8 41.3
76.9 38.1
78.0 35.1
79.1 31.9
80.2 28.8
77.4 38.9
75.4 41.8
73.5 44.6
71.7 47.3
69.8 50.1
68.1 52.7
66.1 55.6
64.3 58.4
62.5 61.2
60.6 64.1
58.7 66.8
56.8 69.7
55.05 72.13
52.9 75.5
51.0 78.4
49.1 81.2
51.0 75.5
50.1 72.3
49.3 69.2
48.4 66.0
47.5 62.9
46.7 59.8
45.8 56.7
45.0 53.6
44.1 50.4
43.2 47.4
42.3 44.1
41.4 41.0
40.6 37.9
39.7 34.7