0.0 0.0
1.9 1.6
4.8 2.4
8.1 3.3
11.6 4.3
14.9 5.2
18.2 6.2
21.6 7.2
24.9 8.3
28.3 9.3
31.5 10.3
34.7 11.3
38.2 12.3
41.4 13.4
44.7 14.3
48.1 15.4
51.5 16.3
54.9 17.3
58.2 18.3
61.6 19.4
64.9 20.4
68.2 21.5
71.5 22.5
74.8 23.5
78.0 24.6
81.4 25.6
81.4 25.6
73.2 29.1
71.1 32.1
69.1 34.9
67.2 37.7
65.2 40.6
63.1 43.6
61.2 46.5
59.1 49.4
57.1 52.4
55.1 55.4
53.0 58.2
51.1 60.9
49.0 64.0
47.0 67.1
45.1 69.7
43.0 72.7
41.0 75.7
39.0 78.6
36.9 81.6
36.9 81.6
41.0 75.5
43.3 73.1
45.7 70.6
47.73 68.39
50.3 65.9
52.6 63.6
54.9 61.2
57.4 58.7
59.8 56.3
62.2 53.9
64.6 51.4
67.1 48.9
69.5 46.5
71.8 44.2
74.2 41.8
76.7 39.4
79.0 37.1
81.4 34.7
81.4 34.7
78.2 43.9
79.3 47.1
80.5 50.5
81.7 53.9
82.8 56.9
82.8 56.9
77.9 51.4
75.7 49.1
73.4 46.6
71.0 44.0
68.7 41.6
66.3 39.1
64.0 36.6
61.6 34.2
59.2 31.7
56.8 29.2
54.3 26.7
51.9 24.2
49.6 21.8
47.1 19.3
44.8 16.8
42.4 14.4
40.0 11.9
38.02 9.65
35.2 7.1
32.8 4.7
30.4 2.3
28.0 0.1
25.6 -2.3
23.3 -4.6
20.9 -6.8
18.5 -9.2
16.1 -11.6
13.6 -14.1
11.4 -16.3
9.0 -18.7
6.7 -21.0
4.3 -23.4
1.9 -25.7
-0.5 -28.1
-3.0 -30.5
-5.5 -33.0
-7.7 -35.3
-9.74 -37.5
-12.5 -39.9
-14.9 -42.3
-17.4 -44.6
-19.8 -47.0
-22.3 -49.3
-24.7 -51.5
-27.2 -53.9
-29.7 -56.2
-32.3 -58.6
-34.38 -60.77
-37.3 -63.2
-39.8 -65.6
-42.3 -67.8
-44.8 -70.2
-47.3 -72.5
-49.9 -74.7
-52.4 -77.0
-55.1 -79.3
-57.5 -81.5
-57.5 -81.5
-52.1 -74.2
-50.3 -71.4
-48.2 -68.4
-46.3 -65.5
-44.3 -62.5
-42.3 -59.5
-40.3 -56.5
-38.3 -53.4
-36.4 -50.5
-34.4 -47.5
-32.6 -44.7
-30.6 -41.8
-28.7 -38.9
-26.6 -35.8
-24.8 -33.0
-22.8 -30.0
-21.0 -27.2
-19.0 -24.3
-17.0 -21.3
-15.1 -18.3
-13.3 -15.6
-11.4 -12.6
-9.3 -9.5
-7.3 -6.7
-5.5 -4.0
-3.5 -0.9
-1.6 2.0
0.1 4.9
2.0 7.9
3.9 10.6
5.9 13.7
7.8 16.6
9.7 19.6
11.6 22.6
13.3 25.3
15.2 28.3
17.0 31.2
19.0 34.4
20.7 37.2
22.5 40.1
24.4 43.4
26.2 46.2
28.1 49.3
29.9 52.3
31.5 55.2
33.4 58.4
35.2 61.5
37.0 64.5
38.8 67.6
40.4 70.14
42.3 73.7
44.0 76.6
45.8 79.8
47.5 82.9
47.5 82.9
41.2 78.4
38.3 76.4
35.5 74.4
32.6 72.3
29.9 70.4
27.0 68.4
24.1 66.4
21.4 64.5
18.5 62.7
15.7 60.8
12.8 58.8
9.9 56.9
7.0 54.9
4.3 53.2
1.92 51.37
-1.4 49.4
-4.1 47.7
-6.8 45.9
-9.7 43.9
-12.5 42.3
-15.3 40.5
-18.2 38.7
-21.1 37.0
-24.0 35.3
-26.9 33.5
-29.8 31.8
-32.7 30.0
-35.5 28.4
-38.3 26.8
-41.2 25.1
-44.0 23.5
-46.9 21.7
-49.8 20.1
-52.9 18.3
-55.6 16.6
-58.5 14.9
-61.4 13.2
-64.4 11.4
-67.2 9.8
-70.3 8.1
-73.1 6.6
-76.1 4.9
-79.0 3.3
-82.2 1.6
-82.2 1.6
-76.8 9.7
-77.1 13.0
-77.5 16.3
-77.8 19.8
-78.1 23.2
-78.5 26.8
-78.8 30.2
-79.1 33.5
-79.4 37.2
-79.7 40.3
-80.0 43.7
-80.3 47.0
-80.3 47.0
-79.0 40.2
-77.7 37.1
-76.3 34.0
-75.0 31.0
-73.6 27.9
-72.2 24.8
-70.8 21.6
-69.4 18.5
-68.0 15.4
-66.6 12.4
-65.2 9.3
-63.8 6.2
-62.3 3.0
-61.0 0.0
-59.4 -3.3
-58.0 -6.2
-56.5 -9.3
-55.1 -12.4
-53.7 -15.4
-52.2 -18.3
-50.7 -21.4
-49.3 -24.5
-47.8 -27.4
-46.3 -30.5
-44.9 -33.5
-43.5 -36.5
-42.1 -39.6
-40.7 -42.5
-39.3 -45.5
-37.9 -48.6
-36.5 -51.6
-35.1 -54.7
-33.7 -57.6
-32.3 -60.6
-30.9 -63.6
-29.6 -66.5
-28.2 -69.4
-26.8 -72.4
-25.4 -75.4
-24.0 -78.4
-22.6 -81.3
-22.6 -81.3
-26.5 -72.5
-30.0 -71.9
-33.4 -71.4
-36.8 -70.8
-40.1 -70.2
-43.5 -69.6
-46.8 -69.0
-50.3 -68.5
-53.6 -67.9
-57.0 -67.3
-60.4 -66.6
-63.8 -66.0
-67.2 -65.4
-70.7 -64.7
-74.0 -64.1
-77.5 -63.4
-80.8 -62.8
-80.8 -62.8
-75.5 -64.3
-74.7 -67.6
-73.9 -70.9
-73.1 -74.0
-72.2 -77.5
-71.4 -80.9
-71.4 -80.9
-75.3 -71.1
-78.4 -69.8
-73.8 -71.0
-76.7 -69.8
-79.8 -68.5
-83.0 -67.2
-83.0 -67.2
-75.9 -67.9
-72.7 -67.1
-69.3 -66.2
-66.0 -65.4
-62.5 -64.6
-59.2 -63.7
-55.9 -62.9
-52.4 -62.1
-49.1 -61.2
-45.8 -60.4
-42.3 -59.5
-38.8 -58.7
-35.5 -57.8
-32.2 -56.9
-29.26 -56.3
-25.4 -55.1
-22.4 -54.3
-18.9 -53.4
-15.6 -52.5
-12.2 -51.6
-8.9 -50.7
-5.6 -49.8
-2.2 -49.0
0.9 -48.2
4.3 -47.4
7.7 -46.4
10.9 -45.5
14.1 -44.6
17.5 -43.6
20.9 -42.5
24.1 -41.5
27.4 -40.5
30.7 -39.6
34.0 -38.5
37.3 -37.5
40.8 -36.5
44.0 -35.5
47.3 -34.5
50.6 -33.5
53.9 -32.4
57.2 -31.4
60.4 -30.3
63.8 -29.2
66.9 -28.2
70.2 -27.1
73.5 -26.0
76.7 -24.9
80.0 -23.9
83.3 -22.8
83.3 -22.8
75.14 -23.58
72.7 -25.6
70.0 -27.8
67.5 -29.9
64.9 -32.1
62.2 -34.2
59.6 -36.4
56.9 -38.6
54.2 -40.6
51.4 -42.8
48.8 -44.9
46.1 -47.0
43.5 -49.1
40.7 -51.2
38.1 -53.3
35.4 -55.4
32.8 -57.4
30.1 -59.5
27.5 -61.5
24.8 -63.5
22.2 -65.6
19.5 -67.6
16.8 -69.7
14.52 -71.65
11.4 -73.7
8.5 -75.9
5.9 -78.0
3.2 -80.0
0.4 -82.0
0.4 -82.0
5.6 -73.8
5.1 -70.5
4.5 -67.1
4.1 -63.8
3.6 -60.4
3.0 -57.1
2.5 -53.8
1.9 -50.5
1.4 -47.0
0.8 -43.4
0.3 -39.9
0.0 -36.7
-0.5 -33.4
-0.9 -30.0
-1.4 -26.3
-1.8 -23.1
-2.3 -19.7
-2.8 -16.1
-3.3 -12.9
-3.7 -9.4
-4.2 -6.0
-4.7 -2.7
-5.1 0.7
-5.6 4.0
-6.1 7.4
-6.57 10.36
-7.1 14.5
-7.5 17.6
-8.0 21.3
-8.4 24.5
-8.9 27.6
-9.4 31.5
-9.8 35.0
-10.2 38.2
-10.7 41.4
-11.2 45.1
-11.6 48.1
-12.0 51.5
-12.5 54.8
-12.94 57.77
-13.5 61.8
-14.0 65.1
-14.6 68.7
-15.1 72.2
-15.5 75.6
-16.0 79.1
-16.4 82.5
-16.4 82.5
-15.0 76.6
-12.6 74.3
-10.0 72.1
-7.4 69.9
-4.8 67.6
-2.2 65.4
0.3 63.2
2.6 61.2
5.4 58.8
8.0 56.6
10.4 54.6
12.9 52.6
15.4 50.5
18.0 48.4
20.7 46.3
23.2 44.3
25.8 42.1
28.5 40.0
31.1 37.9
33.7 35.8
36.4 33.6
39.1 31.5
41.9 29.3
44.5 27.4
47.3 25.3
49.9 23.2
52.6 21.2
55.4 19.1
58.0 17.2
60.7 15.2
63.4 13.3
66.2 11.2
68.54 9.33
71.5 7.4
74.3 5.4
77.0 3.4
79.6 1.4
82.5 -0.6
82.5 -0.6
76.5 6.3
73.1 6.7
69.7 7.2
66.4 7.7
63.0 8.2
59.7 8.7
56.2 9.3
52.9 9.8
49.5 10.3
46.0 10.9
42.8 11.4
39.4 12.0
36.0 12.5
32.6 13.1
29.2 13.6
25.8 14.1
22.4 14.7
19.1 15.3
15.6 15.9
12.2 16.5
8.9 17.1
5.5 17.7
2.1 18.3
-1.1 18.9
-4.3 19.4
-7.6 20.1
-11.3 20.7
-14.7 21.3
-17.9 21.9
-21.4 22.5
-24.6 23.1
-28.0 23.6
-31.2 24.1
-34.6 24.8
-38.1 25.5
-41.4 26.2
-44.9 26.8
-48.2 27.5
-51.6 28.1
-55.0 28.8
-58.3 29.4
-61.7 30.1
-65.0 30.7
-68.4 31.4
-71.7 32.0
-75.2 32.7
-78.6 33.4
-81.9 34.1
-81.9 34.1